_viz_0 = nengo_gui.components.SpikeGrid(xyr)
_viz_config[_viz_0].label_visible = True
_viz_config[_viz_0].width = 0.12422360248447205
_viz_config[_viz_0].height = 0.1394700139470014
_viz_config[_viz_0].y = 0.17498897594123536
_viz_config[_viz_0].x = 0.30797066356864305
_viz_1 = nengo_gui.components.Raster(xyr)
_viz_config[_viz_1].label_visible = True
_viz_config[_viz_1].width = 0.12422360248447205
_viz_config[_viz_1].y = 0.7788941363317512
_viz_config[_viz_1].x = 0.31418184369286706
_viz_config[_viz_1].n_neurons = 10
_viz_config[_viz_1].height = 0.1394700139470014
_viz_ace_editor = nengo_gui.components.AceEditor()
_viz_net_graph = nengo_gui.components.NetGraph()
_viz_sim_control = nengo_gui.components.SimControl()
_viz_config[_viz_sim_control].kept_time = 4.0
_viz_config[_viz_sim_control].shown_time = 0.5
_viz_config[ev3].pos=(0.7093023255813954, 0.5)
_viz_config[ev3].size=(0.23255813953488372, 0.4)
_viz_config[ev3].expanded=False
_viz_config[ev3].has_layout=True
_viz_config[ev3.motor0].pos=(0.7903225806451613, 0.12162162162162163)
_viz_config[ev3.motor0].size=(0.12903225806451613, 0.05405405405405406)
_viz_config[ev3.motor1].pos=(0.7903225806451613, 0.5)
_viz_config[ev3.motor1].size=(0.12903225806451613, 0.05405405405405406)
_viz_config[ev3.motor2].pos=(0.7903225806451613, 0.8783783783783784)
_viz_config[ev3.motor2].size=(0.12903225806451613, 0.05405405405405406)
_viz_config[ev3.motors].pos=(0.2096774193548387, 0.5)
_viz_config[ev3.motors].size=(0.12903225806451613, 0.05405405405405406)
_viz_config[model].pos=(0.02607616973351396, -0.04601798048000938)
_viz_config[model].size=(1.0, 1.0)
_viz_config[model].expanded=True
_viz_config[model].has_layout=True
_viz_config[xbox].pos=(0.08976383542587857, 0.4509924029970486)
_viz_config[xbox].size=(0.1, 0.1)
_viz_config[xbox].expanded=True
_viz_config[xbox].has_layout=True
_viz_config[xbox.axis].pos=(0.5, 0.6140350877192982)
_viz_config[xbox.axis].size=(0.3076923076923077, 0.07017543859649122)
_viz_config[xbox.buttons].pos=(0.5, 0.38596491228070173)
_viz_config[xbox.buttons].size=(0.3076923076923077, 0.07017543859649122)
_viz_config[xbox.update].pos=(0.5, 0.15789473684210525)
_viz_config[xbox.update].size=(0.3076923076923077, 0.07017543859649122)
_viz_config[xbox.vibrate].pos=(0.5, 0.8421052631578947)
_viz_config[xbox.vibrate].size=(0.3076923076923077, 0.07017543859649122)
_viz_config[xyr].pos=(0.3355100151397318, 0.4715607062757464)
_viz_config[xyr].size=(0.1, 0.1)