_viz_ace_editor = nengo_gui.components.AceEditor()
_viz_net_graph = nengo_gui.components.NetGraph()
_viz_sim_control = nengo_gui.components.SimControl()
_viz_config[_viz_sim_control].kept_time = 4.0
_viz_config[_viz_sim_control].shown_time = 0.5
_viz_config[ev3].pos=(0.7093023255813954, 0.5)
_viz_config[ev3].size=(0.23255813953488372, 0.4)
_viz_config[ev3].expanded=False
_viz_config[ev3].has_layout=False
_viz_config[model].pos=(0.02607616973351396, -0.04601798048000938)
_viz_config[model].size=(1.0, 1.0)
_viz_config[model].expanded=True
_viz_config[model].has_layout=True
_viz_config[xbox].expanded=True
_viz_config[xbox].has_layout=True
_viz_config[xbox.axis].pos=(0.5, 0.6140350877192982)
_viz_config[xbox.axis].size=(0.3076923076923077, 0.07017543859649122)
_viz_config[xbox.buttons].pos=(0.5, 0.38596491228070173)
_viz_config[xbox.buttons].size=(0.3076923076923077, 0.07017543859649122)
_viz_config[xbox.update].pos=(0.5, 0.15789473684210525)
_viz_config[xbox.update].size=(0.3076923076923077, 0.07017543859649122)
_viz_config[xbox.vibrate].pos=(0.5, 0.8421052631578947)
_viz_config[xbox.vibrate].size=(0.3076923076923077, 0.07017543859649122)